2.346844e-34	6.051124e-36	2.411483e-36	6.889787e-38	9.683960e-40	1.302812e-41	2.995067e-43	1.139661e-41	9.561448e-40	7.749515e-38	6.057273e-36	
3.507161e-34	3.893355e-36	1.476899e-34	3.906519e-36	5.115727e-38	6.457253e-40	7.869807e-42	1.796709e-43	6.302647e-42	4.331990e-40	3.665954e-38	
9.015767e-34	4.973254e-33	1.818019e-31	5.008088e-33	6.827467e-35	8.954731e-37	1.132085e-38	2.549150e-40	8.041647e-39	5.213359e-37	3.150272e-35	
1.078460e-31	3.062255e-33	2.701013e-31	3.100485e-35	3.897203e-37	6.008643e-39	1.834364e-40	7.613676e-39	5.847469e-37	4.324238e-35	3.072931e-33	
1.222282e-28	3.613937e-30	6.675235e-31	2.464732e-32	4.334571e-34	7.114148e-36	2.431685e-37	1.022236e-35	7.545942e-34	5.352801e-32	3.640810e-30	
1.803875e-28	2.094405e-30	6.808812e-29	2.102394e-30	3.197655e-32	4.657631e-34	6.512173e-36	1.664081e-37	5.071665e-36	3.091411e-34	2.298175e-32	
4.276646e-28	2.268259e-27	7.052844e-26	2.286729e-27	3.648989e-29	5.561707e-31	8.118096e-33	2.048744e-34	5.528471e-33	3.152181e-31	1.678577e-29	
3.675968e-26	1.233376e-27	1.033792e-25	1.478850e-29	2.142841e-31	3.759609e-33	1.329584e-34	4.875116e-33	3.231071e-31	2.048134e-29	1.238316e-27	
3.450480e-23	1.216297e-24	2.347411e-25	9.858551e-27	1.988891e-28	3.748246e-30	1.511754e-31	5.610845e-30	3.547930e-28	2.139749e-26	1.227011e-24	
5.022532e-23	6.185126e-25	1.677079e-23	6.211989e-25	1.125594e-26	1.936264e-28	3.172451e-30	9.286984e-32	2.424498e-30	1.285450e-28	8.177556e-27	
1.090080e-22	5.503508e-22	1.412129e-20	5.556920e-22	1.067901e-23	1.940865e-25	3.348500e-27	9.690791e-29	2.194538e-27	1.077324e-25	4.937611e-24	
6.376325e-21	2.608580e-22	2.040819e-20	3.844011e-24	6.611228e-26	1.349141e-27	5.619975e-29	1.775057e-27	9.911333e-26	5.245235e-24	2.620630e-22	
4.758100e-18	2.071753e-19	4.225790e-20	2.083496e-21	4.956780e-23	1.099296e-24	5.343180e-26	1.705423e-24	8.993619e-23	4.476834e-21	2.093900e-19	
6.825815e-18	9.122155e-20	1.988840e-18	9.167621e-20	2.047012e-21	4.286516e-23	8.458500e-25	2.919236e-26	6.408219e-25	2.881788e-23	1.516760e-21	
1.345589e-17	6.382641e-17	1.295856e-15	6.458793e-17	1.554170e-18	3.486319e-20	7.332160e-22	2.508016e-23	4.655144e-22	1.912246e-20	7.301947e-19	
4.995996e-16	2.602218e-17	1.844746e-15	4.953608e-19	1.051690e-20	2.570389e-22	1.287627e-23	3.389753e-22	1.545272e-20	6.592172e-19	2.616089e-17	
2.790229e-13	1.578530e-14	3.455061e-15	2.091255e-16	6.098753e-18	1.645970e-19	9.900930e-21	2.624066e-19	1.113397e-17	4.392586e-16	1.599710e-14	
3.940061e-13	5.941810e-15	9.891436e-14	5.975797e-15	1.723217e-16	4.576714e-18	1.127989e-19	4.767002e-21	8.593387e-20	3.167285e-18	1.317363e-16	
6.995986e-13	3.062633e-12	4.624418e-11	3.109491e-12	9.911461e-14	2.880214e-15	7.702689e-17	3.244036e-18	4.787380e-17	1.581254e-15	4.801139e-14	
1.504229e-11	1.062092e-12	6.473622e-11	2.799739e-14	7.745360e-16	2.361088e-17	1.461706e-18	3.069237e-17	1.094754e-15	3.586261e-14	1.068564e-12	
5.705501e-09	4.532668e-10	1.087450e-10	8.636592e-12	3.269090e-13	1.126527e-14	8.687165e-16	1.821795e-14	5.914035e-13	1.743943e-11	4.612950e-10	
7.911220e-09	1.447434e-10	1.702798e-09	1.456735e-10	5.810304e-12	2.074456e-13	6.714864e-15	3.657752e-16	5.243887e-15	1.509123e-13	4.651350e-12	
1.254625e-08	4.940431e-08	5.020120e-07	5.043818e-08	2.325823e-09	9.412831e-11	3.402246e-12	1.868461e-13	2.102746e-12	5.265716e-11	1.183913e-09	
1.380693e-07	1.456441e-08	6.883535e-07	5.884364e-10	2.291696e-11	9.238969e-13	7.344851e-14	1.158194e-12	3.044021e-11	7.135145e-10	1.466149e-08	
2.972524e-05	3.788621e-06	1.028609e-06	1.194251e-07	6.425008e-09	3.041940e-10	3.162608e-11	4.896825e-10	1.128109e-08	2.268950e-07	3.885037e-06	
4.019777e-05	1.040398e-06	7.641799e-06	1.047286e-06	6.432247e-08	3.368138e-09	1.539852e-10	1.161087e-11	1.263180e-10	2.642179e-09	5.492377e-08	
5.649402e-05	1.919949e-04	1.089781e-03	1.981830e-04	1.546464e-05	9.821693e-07	5.276297e-08	4.113295e-09	3.316120e-08	5.733756e-07	8.471700e-06	
2.716970e-04	5.022980e-05	1.445292e-03	3.640061e-06	2.245867e-07	1.332579e-08	1.473080e-09	1.540436e-08	2.722571e-07	4.093586e-06	5.052736e-05	
2.162657e-02	5.849941e-03	1.906229e-03	3.972132e-04	3.585281e-05	2.687686e-06	4.144100e-07	4.113999e-06	5.930010e-05	6.913746e-04	6.104854e-03	
2.774116e-02	1.547662e-03	5.825060e-03	1.561545e-03	1.797304e-04	1.863324e-05	1.924249e-06	7.085810e-07	1.416493e-06	1.276174e-05	1.576605e-04	
3.417245e-02	9.108157e-02	1.821782e-01	9.795394e-02	1.895745e-02	2.704957e-03	3.452161e-04	1.184691e-04	2.074067e-04	1.367420e-03	1.063953e-02	
1.030204e-02	1.221406e-02	2.158944e-01	1.228773e-02	1.066522e-02	1.049433e-02	3.381408e-03	3.361802e-03	3.362242e-03	3.382595e-03	9.695627e-03	
2.512530e-01	2.573038e-01	2.437505e-01	2.573159e-01	2.573425e-01	2.572523e-01	1.894807e-01	1.893093e-01	1.893092e-01	1.894288e-01	2.493408e-01	
2.271057e-01	1.673239e-01	
1.716545e-01	1.265510e-01	
1.007032e-01	7.427031e-02	
4.734755e-02	3.492764e-02	
1.837605e-02	1.355781e-02	
6.034999e-03	4.453088e-03	
1.711465e-03	1.262952e-03	
4.261337e-04	3.144799e-04	
9.482906e-05	6.998616e-05	
2.151132e-05	1.587671e-05	
6.989591e-08	5.159065e-08	
1.059515e-10	7.820777e-11	
1.415095e-13	1.044523e-13	
2.293395e-16	1.550194e-16	
1.060516e-16	4.789201e-17	
1.847239e-16	7.270461e-17	
2.059176e-17	4.111890e-18	
1.942141e-19	6.266315e-20	
1.303046e-20	1.066381e-20	
-7.699676e-21	5.209026e-22	
