-7.700000006295456556e-01 -2.000000000974824430e-02
-3.100000003267069926e-01 -2.000000000974824430e-02
2.499999999904941872e-01 1.300000001314658704e-01
8.799999999832919251e-01 1.699999999506110748e-01
1.560000000035763223e+00 3.400000000100144026e-01
2.029999999903696395e+00 5.499999999589033628e-01
2.719999999958811809e+00 9.600000000209956141e-01
3.000000000000000000e+00 1.169999999950610992e+00
1.430000000011792505e+00 4.999999999768754422e-01
2.029999999903696395e+00 6.000000000507297315e-01
2.579999999976512637e+00 8.199999999950068341e-01
3.260000000093082217e+00 1.280000000008376881e+00
2.300000000006773959e+00 8.699999999994624256e-01
2.790000000027129889e+00 7.900000000271297784e-01
3.000000000000000000e+00 9.499999999835562203e-01
3.699999999976367526e+00 1.560000000035763223e+00
4.479999999942186228e+00 1.750000000007453371e+00
-9.000000008767805593e-02 3.300000001011139661e-01
3.200000000303402370e-01 5.099999999602359280e-01
9.299999999987874633e-01 6.599999999858667810e-01
1.629999999998378524e+00 6.399999999600384237e-01
1.949999999983556220e+00 8.300000000051507287e-01
4.009999999880845323e+00 1.000000000000000000e+00
3.869999999999462315e+00 1.470000000049094036e+00
4.219999999885495789e+00 1.169999999950610992e+00
3.400000000084791640e+00 1.110000000103450679e+00
3.169999999950610992e+00 1.080000000138202187e+00
2.879999999983291925e+00 1.049999999883120427e+00
3.320000000030340459e+00 8.600000000149933266e-01
2.520000000022832420e+00 8.600000000149933266e-01
1.940000000021899762e+00 7.400000000334887584e-01
1.470000000049094036e+00 4.999999999768754422e-01
1.609999999995615605e+00 4.399999999466769340e-01
1.019999999978889571e+00 4.300000000117925048e-01
3.130000000131465843e+00 1.130000000131465843e+00
4.009999999880845323e+00 1.130000000131465843e+00
2.449999999959249219e+00 8.600000000149933266e-01
8.000000000136331391e-01 2.900000000538912603e-01
1.470000000049094036e+00 7.599999999719569965e-01
1.940000000021899762e+00 1.059999999812051730e+00
1.949999999983556220e+00 1.059999999812051730e+00
1.960000000020995614e+00 1.059999999812051730e+00
2.000000000000000000e+00 1.110000000103450679e+00
1.910000000019181687e+00 1.140000000124939739e+00
2.150000000115986687e+00 1.169999999950610992e+00
2.229999999881917550e+00 1.260000000093082440e+00
2.470000000049094258e+00 1.290000000053891371e+00
2.390000000055725327e+00 1.340000000010014292e+00
2.590000000006384528e+00 1.459999999980934993e+00
2.699999999976367526e+00 1.549999999958903363e+00
3.059999999812051730e+00 1.690000000027979343e+00
3.100000000071006845e+00 1.730000000024056517e+00
3.270000000078629565e+00 1.809999999976689145e+00
3.300000000006773959e+00 1.889999999983947632e+00
3.690000000027979343e+00 1.979999999990251780e+00
3.869999999999462315e+00 1.750000000007453371e+00
3.320000000030340459e+00 1.049999999883120427e+00
2.990000000019638282e+00 1.249999999990494270e+00
4.009999999880845323e+00 1.549999999958903363e+00
1.609999999995615605e+00 4.300000000117925048e-01
-7.000000010326290489e-02 4.100000000390527921e-01
5.099999999602359280e-01 1.500000001159867979e-01
1.600000000050729732e+00 3.500000000837387160e-01
2.910000000019181687e+00 1.249999999990494270e+00
3.499999999976875387e+00 1.350000000083738882e+00
-3.100000003267069926e-01 -2.700000002994212833e-01
8.799999999832919251e-01 -7.000000010326290489e-02
2.029999999903696395e+00 3.900000000557253821e-01
3.000000000000000000e+00 1.229999999881917327e+00
-3.699999997980042976e-01 7.000000002235258478e-02
3.320000000030340459e+00 1.400000000084791418e+00
3.320000000030340459e+00 8.399999999881127000e-01
1.470000000049094036e+00 4.799999999421866725e-01
1.609999999995615605e+00 4.300000000117925048e-01
1.609999999995615605e+00 4.399999999466769340e-01
2.100000000071006401e+00 8.000000000136331391e-01
2.190000000024540761e+00 7.400000000334887584e-01
2.800000000013633361e+00 9.900000000196381711e-01
3.130000000131465843e+00 1.260000000093082440e+00
3.620000000030904719e+00 1.560000000035763223e+00
4.110000000103450901e+00 1.879999999983291925e+00
4.479999999942186228e+00 1.839999999988112700e+00
5.090000000066230434e+00 2.379999999996471161e+00
5.490000000068357977e+00 2.360000000044024659e+00
1.500000001159867979e-01 3.699999999407309059e-01
5.299999999497543302e-01 5.700000000033050851e-01
9.600000000209956141e-01 5.700000000033050851e-01
-1.280000000206694466e+00 1.100000001034505959e-01
-7.000000010326290489e-02 1.000000000710066089e-01
-2.000000000974824430e-02 2.600000000930823285e-01
-2.700000002994212833e-01 1.999999998736450846e-01
-3.399999996340801189e-01 1.799999998748363916e-01
-5.800000003129544002e-01 1.000000000710066089e-01
-7.399999996682550263e-01 9.000000006623078141e-02
-9.000000006189381452e-01 5.999999981205179911e-02
